0	1
0	2
0	3
0	5
0	6
0	8
0	9
0	10
0	11
0	12
0	13
0	14
0	15
0	16
0	17
0	18
0	19
0	20
0	21
0	22
0	23
0	24
0	26
0	28
0	29
0	30
0	33
0	76
0	84
0	103
0	125
0	343
0	441
0	494
0	499
1	3
1	4
1	5
1	8
1	9
1	10
1	11
1	12
1	13
1	14
1	15
1	16
1	17
1	19
1	20
1	21
1	23
1	24
1	25
1	26
1	27
1	28
1	29
1	30
1	31
1	36
1	81
1	103
1	389
2	3
2	4
2	6
2	7
2	8
2	9
2	10
2	13
2	14
2	15
2	16
2	18
2	21
2	22
2	23
2	24
2	25
2	26
2	27
2	28
2	29
2	30
2	31
2	33
2	54
2	105
3	4
3	5
3	6
3	7
3	8
3	9
3	10
3	11
3	12
3	13
3	14
3	16
3	18
3	20
3	21
3	22
3	23
3	24
3	25
3	26
3	27
3	28
3	29
3	30
3	31
3	51
3	60
3	80
3	107
3	206
3	207
3	279
4	5
4	7
4	8
4	9
4	11
4	12
4	13
4	14
4	15
4	16
4	17
4	18
4	19
4	22
4	23
4	24
4	25
4	26
4	27
4	28
4	29
4	30
4	31
4	54
4	86
4	94
4	127
5	6
5	7
5	8
5	11
5	12
5	14
5	15
5	16
5	17
5	18
5	19
5	20
5	21
5	25
5	26
5	27
5	28
5	29
5	30
5	31
5	73
5	89
5	316
5	389
6	7
6	8
6	9
6	11
6	12
6	13
6	15
6	16
6	17
6	19
6	20
6	21
6	22
6	23
6	24
6	25
6	26
6	27
6	28
6	29
6	31
6	96
6	108
6	209
6	258
7	9
7	10
7	11
7	12
7	13
7	14
7	15
7	17
7	18
7	19
7	22
7	23
7	25
7	26
7	27
7	28
7	31
7	35
7	43
7	77
7	88
7	104
7	120
7	449
8	9
8	10
8	11
8	12
8	14
8	15
8	16
8	17
8	18
8	19
8	21
8	22
8	23
8	27
8	29
8	30
8	31
8	43
8	52
8	70
8	75
8	266
8	373
9	10
9	11
9	12
9	14
9	15
9	16
9	17
9	18
9	19
9	20
9	21
9	22
9	23
9	26
9	27
9	28
9	30
9	31
9	51
9	69
9	97
9	114
9	348
9	421
10	11
10	13
10	15
10	16
10	17
10	18
10	19
10	20
10	22
10	23
10	24
10	26
10	27
10	29
10	30
10	31
10	38
10	47
10	495
11	12
11	14
11	16
11	17
11	18
11	20
11	21
11	22
11	23
11	24
11	25
11	26
11	28
11	29
11	31
11	55
11	66
11	75
11	79
11	91
11	141
11	155
11	368
12	13
12	14
12	15
12	16
12	18
12	19
12	20
12	21
12	22
12	23
12	24
12	25
12	26
12	27
12	28
12	29
12	30
12	31
12	63
12	68
12	88
12	90
12	91
12	488
13	14
13	15
13	16
13	18
13	19
13	20
13	22
13	23
13	24
13	26
13	28
13	29
13	30
13	31
13	106
13	189
13	419
13	453
13	475
14	15
14	16
14	17
14	18
14	19
14	20
14	22
14	24
14	25
14	26
14	29
14	30
14	61
14	113
14	425
15	16
15	17
15	18
15	19
15	20
15	21
15	22
15	23
15	24
15	25
15	27
15	28
15	29
15	30
15	31
15	88
15	121
15	451
16	19
16	24
16	25
16	26
16	28
16	29
16	30
16	37
16	47
16	70
16	75
16	343
16	392
17	18
17	19
17	20
17	21
17	23
17	24
17	25
17	26
17	27
17	28
17	29
17	30
17	31
17	110
17	125
17	201
18	19
18	20
18	22
18	23
18	24
18	25
18	26
18	27
18	28
18	30
18	31
18	96
18	121
18	124
18	133
18	344
19	20
19	21
19	22
19	23
19	25
19	26
19	27
19	28
19	30
19	31
19	96
19	108
19	114
19	119
19	210
20	21
20	22
20	23
20	24
20	26
20	27
20	28
20	29
20	31
20	53
20	88
20	91
20	96
20	113
20	428
21	22
21	25
21	26
21	27
21	28
21	29
21	30
21	31
21	74
21	118
21	362
22	23
22	24
22	27
22	28
22	29
22	30
22	31
22	58
22	66
22	82
22	122
22	216
23	24
23	26
23	27
23	28
23	29
23	30
23	31
23	76
23	92
23	360
24	25
24	26
24	27
24	28
24	29
24	30
24	31
24	34
24	299
24	355
24	357
25	26
25	27
25	29
25	30
25	31
25	58
25	84
25	91
25	113
25	310
25	323
25	331
25	388
26	29
26	30
26	31
26	47
26	55
26	126
26	355
26	498
27	29
27	30
27	31
27	85
27	86
27	101
27	272
27	388
28	29
28	30
28	75
28	104
28	193
28	232
28	241
28	396
29	30
29	31
29	37
29	64
29	87
29	106
29	410
30	31
30	37
30	59
30	115
30	314
30	359
31	79
31	94
31	97
31	236
31	328
31	432
31	455
32	33
32	34
32	35
32	37
32	38
32	40
32	41
32	42
32	43
32	44
32	45
32	46
32	47
32	48
32	49
32	50
32	52
32	53
32	54
32	55
32	56
32	57
32	59
32	60
32	63
32	125
32	492
33	34
33	35
33	37
33	38
33	39
33	40
33	41
33	42
33	43
33	44
33	45
33	46
33	49
33	50
33	51
33	52
33	54
33	55
33	56
33	58
33	59
33	60
33	61
33	62
33	63
33	71
33	90
33	91
33	95
33	127
33	352
34	35
34	36
34	40
34	41
34	43
34	44
34	45
34	46
34	47
34	49
34	50
34	51
34	52
34	53
34	55
34	56
34	57
34	58
34	59
34	60
34	61
34	62
34	63
34	65
34	72
34	77
34	88
34	92
34	96
34	120
34	182
34	250
35	36
35	37
35	39
35	40
35	42
35	43
35	44
35	45
35	47
35	48
35	49
35	50
35	51
35	52
35	53
35	54
35	55
35	56
35	57
35	59
35	60
35	61
35	63
35	84
35	86
35	95
35	101
35	358
35	392
36	37
36	38
36	39
36	40
36	41
36	42
36	43
36	45
36	46
36	47
36	48
36	49
36	50
36	52
36	53
36	54
36	57
36	58
36	59
36	61
36	65
36	181
36	208
36	479
36	510
37	38
37	39
37	40
37	41
37	42
37	45
37	46
37	47
37	48
37	51
37	52
37	53
37	54
37	55
37	57
37	58
37	59
37	61
37	62
37	63
37	492
38	39
38	40
38	42
38	43
38	44
38	45
38	47
38	48
38	49
38	51
38	52
38	55
38	56
38	57
38	58
38	59
38	60
38	62
38	63
38	105
39	40
39	41
39	42
39	44
39	45
39	47
39	48
39	49
39	51
39	52
39	53
39	54
39	55
39	57
39	58
39	59
39	60
39	62
39	67
39	79
39	84
39	87
39	91
39	95
39	104
39	108
39	114
39	244
39	482
40	42
40	43
40	45
40	46
40	47
40	48
40	49
40	50
40	51
40	52
40	53
40	54
40	55
40	56
40	58
40	59
40	60
40	61
40	62
40	63
40	78
40	103
40	108
40	114
40	503
41	42
41	43
41	44
41	45
41	46
41	47
41	49
41	50
41	51
41	52
41	53
41	55
41	56
41	57
41	60
41	61
41	63
41	71
41	469
42	43
42	44
42	45
42	46
42	47
42	48
42	49
42	50
42	52
42	54
42	55
42	57
42	58
42	59
42	61
42	62
42	63
42	95
42	115
42	116
42	117
42	339
43	46
43	47
43	48
43	49
43	50
43	51
43	53
43	55
43	56
43	58
43	59
43	60
43	61
43	62
43	63
43	101
43	126
43	369
44	45
44	46
44	48
44	52
44	53
44	54
44	55
44	57
44	59
44	60
44	61
44	62
44	63
44	65
44	126
44	428
44	440
44	455
45	46
45	47
45	48
45	49
45	50
45	51
45	52
45	53
45	54
45	55
45	57
45	58
45	59
45	60
45	61
45	62
45	63
45	75
45	81
45	165
45	368
46	47
46	48
46	49
46	50
46	51
46	52
46	53
46	54
46	58
46	59
46	60
46	61
46	62
46	63
46	91
46	116
46	123
46	142
46	272
47	48
47	49
47	50
47	51
47	52
47	54
47	57
47	58
47	59
47	60
47	61
47	62
47	63
47	70
47	105
48	49
48	50
48	51
48	52
48	54
48	55
48	57
48	58
48	59
48	61
48	62
48	63
48	98
48	117
48	302
48	338
48	459
49	50
49	51
49	53
49	54
49	55
49	58
49	59
49	60
49	61
49	62
49	63
49	73
49	102
49	114
49	122
49	126
49	193
49	223
49	242
50	51
50	52
50	53
50	54
50	55
50	56
50	57
50	58
50	59
50	60
50	62
50	68
50	105
50	112
50	326
51	52
51	53
51	54
51	56
51	57
51	58
51	59
51	60
51	61
51	62
51	63
51	65
51	223
51	335
52	54
52	55
52	56
52	57
52	59
52	60
52	62
52	63
52	77
52	110
52	279
52	499
53	54
53	56
53	57
53	58
53	59
53	61
53	63
53	333
53	377
54	55
54	56
54	57
54	59
54	60
54	61
54	62
54	63
54	88
54	96
54	107
54	129
54	432
55	56
55	58
55	59
55	60
55	61
55	62
55	63
55	91
55	100
55	227
55	327
56	57
56	58
56	59
56	61
56	85
56	89
56	121
56	277
56	386
56	401
56	471
57	58
57	59
57	60
57	61
57	62
57	63
57	68
57	75
57	152
57	503
58	59
58	60
58	61
58	62
58	65
58	78
58	79
58	128
58	454
59	60
59	61
59	62
59	63
59	84
59	113
59	356
59	400
59	461
60	62
60	63
60	77
60	133
60	402
61	62
61	63
61	65
61	73
61	88
61	116
61	127
62	63
62	66
62	78
62	84
62	242
62	507
62	510
63	68
63	80
63	152
63	298
63	351
64	65
64	66
64	67
64	68
64	69
64	70
64	74
64	75
64	76
64	77
64	78
64	79
64	80
64	81
64	82
64	83
64	84
64	85
64	86
64	87
64	88
64	89
64	91
64	93
64	94
64	118
64	345
65	66
65	67
65	68
65	69
65	70
65	71
65	72
65	73
65	75
65	76
65	77
65	78
65	79
65	80
65	81
65	82
65	83
65	84
65	85
65	86
65	87
65	88
65	89
65	90
65	91
65	94
65	95
65	166
65	179
65	201
66	67
66	68
66	69
66	71
66	72
66	74
66	75
66	77
66	78
66	79
66	81
66	82
66	84
66	85
66	86
66	87
66	88
66	89
66	90
66	92
66	94
66	95
66	111
66	157
66	411
66	488
67	68
67	69
67	71
67	73
67	74
67	75
67	76
67	77
67	79
67	80
67	81
67	82
67	83
67	84
67	85
67	87
67	89
67	90
67	91
67	92
67	94
67	95
67	113
67	167
67	203
67	229
67	364
68	69
68	70
68	71
68	72
68	73
68	74
68	75
68	77
68	78
68	79
68	80
68	81
68	82
68	84
68	85
68	86
68	87
68	88
68	89
68	90
68	91
68	92
68	93
68	94
68	95
68	134
68	155
68	288
68	481
69	70
69	71
69	72
69	74
69	75
69	76
69	77
69	78
69	79
69	80
69	81
69	83
69	84
69	85
69	86
69	87
69	89
69	92
69	93
69	94
69	95
69	105
69	240
69	253
69	474
70	71
70	75
70	76
70	77
70	79
70	80
70	81
70	82
70	84
70	85
70	86
70	87
70	88
70	90
70	91
70	92
70	93
70	94
70	95
70	119
70	315
70	464
71	73
71	74
71	76
71	78
71	79
71	80
71	83
71	84
71	85
71	86
71	87
71	88
71	89
71	91
71	92
71	93
71	95
71	118
71	297
72	73
72	74
72	75
72	77
72	80
72	81
72	83
72	84
72	86
72	87
72	88
72	91
72	92
72	93
72	127
72	199
72	484
73	76
73	77
73	78
73	79
73	80
73	81
73	82
73	83
73	84
73	85
73	86
73	87
73	88
73	89
73	90
73	91
73	92
73	93
73	94
73	280
74	75
74	76
74	77
74	78
74	79
74	80
74	81
74	82
74	83
74	84
74	85
74	86
74	88
74	89
74	91
74	92
74	93
74	95
74	243
74	357
74	411
74	453
75	76
75	77
75	78
75	79
75	80
75	81
75	82
75	83
75	84
75	85
75	87
75	88
75	89
75	90
75	92
75	93
75	95
75	96
75	170
75	229
76	77
76	79
76	80
76	81
76	83
76	85
76	86
76	87
76	88
76	89
76	91
76	92
76	93
76	94
76	95
76	305
77	79
77	80
77	82
77	83
77	84
77	85
77	88
77	90
77	94
77	95
77	176
77	183
77	413
78	79
78	80
78	81
78	82
78	84
78	85
78	86
78	87
78	88
78	89
78	90
78	91
78	92
78	93
78	94
78	95
78	184
78	339
79	81
79	82
79	84
79	85
79	86
79	87
79	88
79	89
79	90
79	91
79	92
79	93
79	95
79	108
79	113
79	126
79	143
79	485
80	81
80	82
80	83
80	85
80	87
80	88
80	91
80	92
80	93
80	94
80	95
80	98
80	116
81	82
81	84
81	85
81	86
81	87
81	88
81	91
81	92
81	93
81	94
81	95
81	103
81	172
81	389
82	83
82	84
82	85
82	87
82	88
82	89
82	90
82	91
82	92
82	94
82	95
82	96
82	386
83	84
83	85
83	87
83	88
83	89
83	90
83	91
83	92
83	95
83	115
83	227
83	283
83	414
84	85
84	86
84	87
84	88
84	89
84	90
84	93
84	95
84	476
85	87
85	88
85	89
85	90
85	91
85	92
85	93
85	103
85	364
86	87
86	88
86	90
86	91
86	93
86	356
87	88
87	89
87	90
87	92
87	93
87	94
87	95
87	98
87	116
87	283
88	89
88	90
88	91
88	92
88	93
88	94
88	95
88	127
88	203
88	258
88	370
89	91
89	94
89	95
89	103
89	118
89	347
90	91
90	93
90	94
90	95
90	99
90	441
91	92
91	95
91	107
91	437
92	93
92	94
92	95
92	98
92	127
92	361
93	94
93	95
93	111
93	403
93	416
94	170
94	191
94	323
94	429
95	96
95	124
95	126
95	488
96	97
96	98
96	100
96	101
96	102
96	103
96	104
96	105
96	106
96	107
96	109
96	110
96	111
96	112
96	113
96	114
96	115
96	117
96	119
96	121
96	122
96	123
96	124
96	125
96	126
96	127
96	219
96	224
96	451
97	99
97	100
97	101
97	102
97	103
97	105
97	106
97	107
97	108
97	110
97	111
97	112
97	114
97	115
97	116
97	118
97	120
97	122
97	123
97	124
97	125
97	126
97	127
97	426
98	101
98	102
98	104
98	106
98	107
98	108
98	109
98	110
98	113
98	114
98	115
98	116
98	119
98	121
98	123
98	126
98	127
98	165
98	262
99	100
99	103
99	104
99	106
99	107
99	108
99	109
99	110
99	111
99	112
99	113
99	114
99	116
99	117
99	119
99	120
99	121
99	122
99	124
99	125
99	126
99	127
99	256
100	101
100	102
100	103
100	104
100	105
100	106
100	107
100	108
100	109
100	110
100	111
100	112
100	114
100	116
100	117
100	118
100	119
100	120
100	122
100	123
100	124
100	125
100	126
100	127
100	152
100	181
100	232
100	237
100	298
100	440
101	102
101	103
101	104
101	105
101	107
101	108
101	113
101	114
101	115
101	116
101	117
101	119
101	120
101	121
101	122
101	124
101	125
101	126
101	127
101	131
102	103
102	104
102	105
102	106
102	108
102	109
102	110
102	112
102	114
102	115
102	116
102	118
102	119
102	121
102	122
102	123
102	124
102	125
102	454
102	511
103	105
103	106
103	108
103	109
103	110
103	111
103	112
103	113
103	115
103	117
103	118
103	119
103	120
103	121
103	122
103	123
103	124
103	125
103	126
103	127
103	242
103	262
103	266
104	105
104	106
104	108
104	109
104	111
104	112
104	113
104	114
104	115
104	116
104	117
104	118
104	119
104	120
104	121
104	122
104	123
104	124
104	125
104	126
104	127
104	229
105	106
105	107
105	109
105	110
105	111
105	112
105	113
105	114
105	115
105	116
105	117
105	118
105	119
105	120
105	121
105	122
105	123
105	124
105	125
105	126
105	127
105	130
105	224
105	254
105	270
105	380
105	444
106	107
106	108
106	111
106	112
106	113
106	114
106	115
106	116
106	118
106	119
106	120
106	123
106	124
106	125
106	126
106	166
106	334
107	108
107	109
107	110
107	111
107	112
107	113
107	116
107	118
107	119
107	120
107	122
107	124
107	125
107	126
107	127
107	130
107	202
107	332
107	348
107	458
108	109
108	110
108	111
108	113
108	114
108	116
108	117
108	118
108	120
108	121
108	122
108	123
108	124
108	126
108	127
108	311
109	110
109	111
109	113
109	114
109	115
109	116
109	118
109	119
109	120
109	122
109	123
109	124
109	126
109	241
109	295
110	111
110	112
110	113
110	114
110	115
110	118
110	119
110	120
110	121
110	122
110	123
110	124
110	126
110	127
110	337
110	431
111	112
111	113
111	114
111	115
111	116
111	117
111	118
111	119
111	120
111	122
111	123
111	124
111	125
111	126
111	296
111	453
111	500
112	113
112	115
112	116
112	117
112	119
112	120
112	121
112	123
112	124
112	125
112	126
112	127
112	175
112	211
112	365
112	480
113	114
113	115
113	116
113	117
113	119
113	120
113	122
113	123
113	124
113	125
113	126
113	127
113	138
113	474
114	115
114	116
114	117
114	119
114	120
114	121
114	122
114	123
114	124
114	126
114	149
114	205
114	389
115	117
115	118
115	119
115	121
115	122
115	123
115	125
115	126
115	127
115	310
115	331
116	118
116	119
116	120
116	121
116	122
116	123
116	124
116	126
116	127
116	164
117	118
117	119
117	120
117	121
117	122
117	124
117	125
117	126
117	127
117	327
117	371
117	485
118	119
118	121
118	122
118	124
118	125
118	126
118	127
119	120
119	122
119	124
119	125
119	127
119	382
119	400
119	410
119	439
119	442
120	121
120	122
120	123
120	124
120	125
120	127
120	185
120	490
120	499
121	123
121	125
121	127
121	136
121	368
122	123
122	125
122	126
122	308
122	415
122	505
123	124
123	125
123	126
123	127
123	161
123	259
123	488
124	125
124	188
125	126
125	151
125	226
125	252
125	256
125	471
126	127
126	284
126	490
127	302
127	323
127	474
128	129
128	130
128	132
128	133
128	135
128	136
128	137
128	138
128	140
128	141
128	142
128	143
128	144
128	146
128	147
128	149
128	150
128	151
128	152
128	153
128	155
128	156
128	157
128	158
128	159
128	201
128	208
128	388
129	130
129	133
129	134
129	135
129	136
129	137
129	138
129	139
129	140
129	142
129	143
129	144
129	145
129	146
129	148
129	149
129	150
129	153
129	154
129	158
129	159
129	188
129	215
129	242
129	278
130	132
130	135
130	137
130	138
130	139
130	141
130	142
130	143
130	144
130	145
130	147
130	148
130	149
130	150
130	151
130	153
130	154
130	156
130	157
130	158
130	159
130	162
130	168
130	252
130	486
131	132
131	133
131	134
131	135
131	136
131	137
131	139
131	140
131	141
131	142
131	143
131	144
131	145
131	146
131	147
131	148
131	149
131	150
131	152
131	153
131	154
131	155
131	157
131	158
131	159
131	175
131	181
131	188
131	204
131	223
132	133
132	134
132	135
132	136
132	138
132	139
132	140
132	141
132	142
132	144
132	145
132	146
132	147
132	148
132	149
132	151
132	152
132	154
132	155
132	157
132	158
132	159
132	202
132	207
132	254
133	135
133	136
133	137
133	138
133	140
133	141
133	142
133	143
133	144
133	146
133	147
133	148
133	150
133	151
133	152
133	154
133	155
133	156
133	157
133	158
133	159
133	238
133	252
134	135
134	136
134	137
134	138
134	139
134	140
134	143
134	145
134	146
134	147
134	148
134	149
134	150
134	151
134	152
134	153
134	154
134	156
134	157
134	168
134	213
134	241
134	288
134	334
134	482
135	136
135	137
135	138
135	139
135	140
135	141
135	142
135	143
135	144
135	145
135	146
135	147
135	148
135	149
135	151
135	153
135	154
135	156
135	157
135	158
135	186
135	215
135	226
135	254
135	328
136	137
136	138
136	139
136	140
136	141
136	142
136	143
136	144
136	145
136	146
136	147
136	148
136	149
136	151
136	152
136	153
136	154
136	155
136	156
136	157
136	159
136	178
136	390
136	412
136	431
137	138
137	139
137	140
137	141
137	142
137	143
137	144
137	145
137	146
137	147
137	148
137	150
137	153
137	155
137	156
137	157
137	158
137	159
137	241
137	253
138	139
138	141
138	142
138	143
138	144
138	145
138	149
138	150
138	151
138	153
138	154
138	155
138	156
138	157
138	158
138	159
138	169
138	205
138	223
138	292
138	475
138	476
139	140
139	141
139	143
139	145
139	146
139	147
139	148
139	149
139	150
139	152
139	154
139	155
139	156
139	157
139	158
139	159
139	180
139	203
139	216
139	224
139	290
140	141
140	143
140	144
140	147
140	149
140	150
140	151
140	152
140	153
140	154
140	156
140	157
140	158
140	159
140	204
140	221
140	227
141	142
141	143
141	144
141	147
141	148
141	149
141	150
141	151
141	153
141	154
141	156
141	157
141	158
141	159
141	217
141	259
142	143
142	144
142	145
142	147
142	149
142	150
142	151
142	152
142	153
142	156
142	157
142	158
142	159
142	195
142	241
142	242
142	287
142	491
143	144
143	145
143	146
143	147
143	149
143	152
143	153
143	154
143	155
143	157
143	158
143	159
143	236
143	245
143	252
143	444
144	145
144	146
144	147
144	148
144	150
144	151
144	153
144	154
144	155
144	158
144	159
144	178
144	198
144	218
144	221
144	222
144	253
144	436
144	448
145	146
145	148
145	149
145	150
145	151
145	152
145	153
145	155
145	157
145	158
145	159
145	182
145	193
145	194
145	216
145	223
146	148
146	150
146	152
146	153
146	154
146	155
146	157
146	158
146	159
146	168
146	214
146	220
146	275
146	414
147	148
147	149
147	152
147	153
147	154
147	155
147	156
147	157
147	158
147	159
147	170
147	199
147	209
147	251
147	493
148	149
148	150
148	151
148	152
148	153
148	154
148	155
148	156
148	157
148	158
148	159
148	189
148	230
148	443
149	150
149	151
149	152
149	153
149	154
149	155
149	156
149	159
149	166
149	186
149	197
149	215
149	245
149	251
149	272
149	359
149	360
149	412
150	151
150	152
150	154
150	155
150	156
150	158
150	159
150	164
150	197
150	231
150	239
150	290
150	406
151	152
151	153
151	154
151	156
151	174
151	197
151	222
152	153
152	154
152	155
152	156
152	158
152	159
152	191
153	154
153	155
153	157
153	158
153	179
153	181
153	182
153	187
153	202
153	206
153	232
153	335
153	412
153	467
154	156
154	157
154	158
154	214
154	245
154	313
154	368
155	157
155	158
155	159
155	197
155	250
155	464
155	497
156	157
156	158
156	159
156	254
156	263
156	325
156	414
157	159
157	193
158	159
158	208
158	211
158	216
158	230
158	252
158	306
158	359
159	199
159	217
159	235
159	254
159	255
159	259
159	307
160	162
160	163
160	164
160	166
160	167
160	168
160	169
160	170
160	171
160	172
160	173
160	174
160	175
160	176
160	178
160	179
160	180
160	181
160	182
160	183
160	184
160	185
160	186
160	187
160	189
160	190
160	191
160	193
160	200
161	162
161	164
161	165
161	167
161	168
161	169
161	170
161	172
161	173
161	174
161	175
161	176
161	177
161	178
161	179
161	180
161	185
161	186
161	187
161	188
161	189
161	191
161	203
161	229
161	382
162	163
162	165
162	168
162	169
162	170
162	171
162	172
162	175
162	176
162	177
162	178
162	179
162	180
162	181
162	183
162	185
162	186
162	187
162	189
162	190
162	191
162	208
162	241
162	485
163	164
163	165
163	166
163	167
163	169
163	170
163	171
163	172
163	173
163	174
163	175
163	176
163	177
163	178
163	179
163	180
163	183
163	184
163	187
163	189
163	190
163	191
163	192
163	200
163	226
164	165
164	168
164	170
164	171
164	172
164	173
164	174
164	176
164	177
164	178
164	179
164	180
164	181
164	183
164	184
164	185
164	187
164	188
164	189
164	190
164	191
164	193
164	198
164	202
164	212
164	453
164	511
165	166
165	167
165	168
165	169
165	170
165	171
165	172
165	173
165	174
165	175
165	176
165	178
165	179
165	180
165	181
165	182
165	183
165	185
165	186
165	187
165	189
165	190
165	191
165	246
165	335
165	446
166	167
166	168
166	169
166	170
166	172
166	173
166	174
166	175
166	177
166	178
166	179
166	180
166	181
166	182
166	185
166	186
166	187
166	188
166	189
166	190
166	195
166	232
166	455
167	168
167	169
167	170
167	171
167	174
167	175
167	176
167	178
167	179
167	180
167	181
167	182
167	183
167	184
167	186
167	187
167	188
167	189
167	190
167	191
167	225
167	279
167	412
168	169
168	170
168	171
168	172
168	173
168	174
168	175
168	176
168	177
168	178
168	179
168	180
168	181
168	183
168	185
168	186
168	187
168	188
168	189
168	190
168	191
168	252
168	275
169	170
169	171
169	172
169	173
169	174
169	175
169	176
169	177
169	178
169	179
169	180
169	181
169	182
169	183
169	184
169	186
169	187
169	190
169	191
169	207
169	217
169	222
170	171
170	174
170	175
170	176
170	177
170	178
170	179
170	181
170	182
170	184
170	185
170	186
170	187
170	189
170	191
170	309
170	481
171	172
171	173
171	174
171	175
171	176
171	177
171	178
171	179
171	180
171	181
171	183
171	184
171	185
171	186
171	187
171	188
171	189
171	190
171	191
171	199
171	245
171	331
171	332
171	394
172	173
172	174
172	175
172	176
172	177
172	179
172	180
172	181
172	182
172	184
172	185
172	187
172	190
172	191
172	205
172	242
172	246
172	338
172	398
172	473
173	174
173	175
173	177
173	178
173	179
173	180
173	182
173	183
173	184
173	186
173	187
173	188
173	190
173	202
173	301
174	175
174	177
174	178
174	179
174	180
174	182
174	183
174	184
174	185
174	188
174	189
174	191
174	208
174	221
174	433
175	177
175	178
175	179
175	180
175	181
175	182
175	184
175	185
175	186
175	189
175	190
175	191
175	222
175	306
176	177
176	178
176	179
176	180
176	181
176	182
176	183
176	185
176	186
176	187
176	188
176	189
176	190
176	191
176	225
176	236
176	487
176	498
177	178
177	179
177	180
177	181
177	182
177	183
177	184
177	185
177	187
177	188
177	189
177	190
177	191
177	238
177	243
177	355
178	182
178	183
178	184
178	186
178	187
178	188
178	189
178	191
179	180
179	181
179	182
179	183
179	184
179	185
179	187
179	188
179	189
179	190
179	191
179	202
179	242
179	247
179	255
179	363
180	181
180	182
180	184
180	185
180	186
180	187
180	188
180	189
180	190
180	191
180	215
180	237
180	453
181	183
181	184
181	185
181	186
181	187
181	188
181	189
181	190
181	191
181	209
181	215
181	223
181	225
181	314
181	374
181	462
181	498
182	183
182	185
182	187
182	188
182	189
182	191
182	227
182	236
182	417
183	184
183	185
183	186
183	187
183	188
183	189
183	190
183	191
183	203
183	250
183	496
184	185
184	186
184	187
184	191
184	203
184	215
184	423
184	444
184	482
185	186
185	187
185	188
185	190
185	203
185	211
185	301
185	398
185	407
186	187
186	191
186	194
186	238
187	189
187	190
187	191
187	286
187	401
187	433
188	189
188	190
188	191
188	193
188	198
188	239
188	289
188	343
188	487
189	190
189	191
189	220
189	333
189	386
190	191
190	384
191	222
191	267
191	355
191	360
191	431
191	487
192	194
192	195
192	196
192	199
192	200
192	201
192	203
192	204
192	205
192	206
192	207
192	208
192	209
192	210
192	211
192	212
192	213
192	214
192	215
192	216
192	217
192	218
192	219
192	220
192	221
192	222
192	223
192	239
192	381
192	396
193	194
193	195
193	196
193	197
193	198
193	199
193	200
193	201
193	202
193	203
193	204
193	205
193	206
193	207
193	209
193	210
193	211
193	212
193	214
193	215
193	217
193	218
193	219
193	220
193	221
193	222
193	223
193	441
193	468
194	195
194	196
194	197
194	198
194	199
194	201
194	202
194	205
194	207
194	210
194	211
194	212
194	214
194	215
194	216
194	217
194	219
194	221
194	222
194	223
194	234
194	235
194	452
195	198
195	199
195	201
195	202
195	203
195	204
195	205
195	206
195	207
195	208
195	209
195	210
195	213
195	215
195	216
195	217
195	218
195	219
195	220
195	221
195	222
195	223
195	243
195	253
196	197
196	199
196	200
196	202
196	203
196	204
196	206
196	207
196	208
196	209
196	210
196	211
196	213
196	214
196	216
196	217
196	219
196	220
196	221
196	222
196	223
197	200
197	201
197	202
197	203
197	204
197	205
197	206
197	207
197	209
197	210
197	211
197	212
197	213
197	214
197	215
197	216
197	218
197	219
197	221
197	222
197	223
197	262
197	431
197	454
198	200
198	201
198	202
198	203
198	204
198	205
198	207
198	208
198	209
198	210
198	215
198	217
198	218
198	221
198	222
198	223
198	244
199	200
199	201
199	203
199	204
199	205
199	207
199	209
199	210
199	212
199	213
199	214
199	216
199	217
199	218
199	220
199	221
199	222
199	223
199	231
199	241
199	246
199	291
200	201
200	202
200	203
200	204
200	205
200	206
200	207
200	208
200	209
200	210
200	211
200	212
200	213
200	214
200	215
200	216
200	217
200	218
200	219
200	220
200	221
200	222
200	319
200	477
201	202
201	203
201	204
201	205
201	206
201	207
201	209
201	211
201	212
201	214
201	217
201	218
201	220
201	221
201	222
201	223
201	241
201	470
202	204
202	205
202	206
202	207
202	208
202	209
202	210
202	211
202	212
202	213
202	214
202	216
202	217
202	218
202	219
202	220
202	221
202	222
202	223
202	229
202	243
202	279
202	387
202	392
203	204
203	206
203	207
203	208
203	209
203	210
203	212
203	213
203	214
203	215
203	216
203	218
203	219
203	222
203	223
203	439
204	205
204	206
204	207
204	208
204	209
204	210
204	211
204	213
204	214
204	216
204	217
204	219
204	220
204	222
204	223
204	237
204	301
205	206
205	207
205	209
205	210
205	211
205	212
205	213
205	215
205	216
205	217
205	218
205	219
205	220
205	222
206	208
206	209
206	210
206	211
206	212
206	213
206	215
206	216
206	218
206	219
206	220
206	221
206	222
206	243
207	208
207	209
207	210
207	211
207	212
207	213
207	214
207	215
207	216
207	217
207	218
207	219
207	220
207	221
207	222
207	247
207	314
207	322
208	209
208	210
208	211
208	212
208	214
208	215
208	216
208	217
208	218
208	219
208	220
208	221
208	222
208	223
208	247
209	210
209	211
209	212
209	214
209	215
209	216
209	217
209	218
209	219
209	220
209	222
209	223
209	246
209	251
210	211
210	213
210	214
210	215
210	219
210	221
210	223
210	230
210	244
210	257
210	358
211	212
211	213
211	214
211	215
211	217
211	218
211	219
211	220
211	222
211	223
211	331
212	213
212	216
212	217
212	219
212	220
212	222
212	376
212	447
212	454
213	214
213	215
213	216
213	217
213	219
213	220
213	221
213	222
213	242
214	215
214	216
214	217
214	219
214	220
214	221
214	222
214	223
214	313
215	217
215	221
215	222
215	223
216	217
216	218
216	219
216	220
216	222
216	223
216	500
217	218
217	220
217	221
217	222
217	223
217	392
217	409
218	219
218	220
218	221
218	223
218	235
218	238
218	246
218	342
219	220
219	222
219	223
219	229
219	237
220	221
220	223
220	244
220	256
220	257
220	511
221	222
221	223
222	223
222	226
222	242
222	278
222	386
223	234
223	246
223	304
223	307
224	225
224	227
224	228
224	229
224	230
224	231
224	232
224	233
224	234
224	235
224	236
224	237
224	238
224	239
224	240
224	241
224	242
224	243
224	244
224	245
224	246
224	247
224	248
224	249
224	250
224	251
224	252
224	253
224	255
224	288
224	297
224	352
224	443
225	226
225	227
225	230
225	231
225	232
225	234
225	235
225	236
225	237
225	238
225	239
225	240
225	241
225	242
225	243
225	245
225	247
225	248
225	249
225	250
225	251
225	252
225	253
225	254
225	400
225	413
225	459
226	227
226	228
226	230
226	231
226	232
226	234
226	235
226	236
226	238
226	239
226	240
226	241
226	242
226	243
226	244
226	245
226	249
226	250
226	251
226	252
226	253
226	254
226	431
226	454
227	228
227	230
227	232
227	233
227	234
227	236
227	237
227	238
227	239
227	240
227	241
227	245
227	246
227	247
227	248
227	249
227	250
227	251
227	252
227	254
227	255
227	277
227	494
228	230
228	231
228	232
228	233
228	235
228	236
228	237
228	239
228	240
228	241
228	242
228	243
228	245
228	246
228	247
228	248
228	249
228	250
228	251
228	252
228	254
228	255
228	441
229	230
229	231
229	232
229	233
229	234
229	235
229	236
229	237
229	238
229	240
229	241
229	242
229	243
229	244
229	245
229	246
229	247
229	248
229	249
229	250
229	251
229	252
229	253
229	254
229	255
229	323
230	232
230	233
230	234
230	235
230	236
230	237
230	238
230	239
230	240
230	241
230	242
230	243
230	244
230	245
230	247
230	248
230	249
230	250
230	252
230	253
230	254
230	338
230	420
231	232
231	233
231	234
231	235
231	236
231	237
231	238
231	239
231	240
231	242
231	244
231	245
231	246
231	247
231	248
231	249
231	251
231	252
231	253
231	254
231	277
231	311
232	233
232	236
232	237
232	238
232	239
232	240
232	241
232	243
232	244
232	246
232	247
232	248
232	250
232	251
232	252
232	253
232	254
232	362
233	234
233	235
233	236
233	237
233	238
233	239
233	242
233	243
233	244
233	246
233	247
233	248
233	249
233	250
233	251
233	252
233	253
233	254
233	255
233	448
234	235
234	236
234	237
234	238
234	239
234	240
234	241
234	242
234	244
234	245
234	247
234	248
234	249
234	251
234	252
235	236
235	237
235	238
235	239
235	240
235	242
235	245
235	246
235	248
235	249
235	250
235	251
235	252
235	254
235	255
236	237
236	238
236	239
236	240
236	241
236	242
236	243
236	244
236	245
236	246
236	247
236	248
236	249
236	250
236	252
236	253
236	254
236	255
236	351
237	238
237	239
237	240
237	241
237	242
237	243
237	244
237	245
237	246
237	247
237	248
237	250
237	251
237	252
237	254
237	255
238	240
238	242
238	243
238	244
238	246
238	247
238	248
238	249
238	250
238	251
238	252
238	253
238	254
238	255
238	290
238	307
239	241
239	242
239	244
239	245
239	246
239	247
239	248
239	249
239	251
239	252
239	253
239	254
239	255
239	433
239	439
239	487
240	241
240	242
240	243
240	245
240	246
240	249
240	251
240	252
240	254
240	313
241	242
241	243
241	245
241	246
241	247
241	248
241	249
241	251
241	254
241	255
241	315
241	441
241	443
242	243
242	244
242	245
242	246
242	247
242	248
242	249
242	250
242	251
242	252
242	253
242	254
242	255
242	288
242	316
242	422
243	244
243	245
243	246
243	247
243	248
243	249
243	250
243	252
243	253
243	254
243	255
244	245
244	246
244	247
244	248
244	249
244	251
244	252
244	253
244	254
244	255
244	311
245	246
245	247
245	248
245	250
245	251
245	252
245	254
245	255
245	275
245	413
246	248
246	249
246	251
246	252
246	253
246	254
246	255
246	315
246	335
246	339
246	373
246	381
246	410
247	248
247	249
247	250
247	251
247	252
247	253
247	254
247	255
247	318
247	400
247	475
248	249
248	251
248	253
248	254
248	255
248	396
248	496
249	250
249	251
249	252
249	253
249	254
249	255
250	251
250	253
250	481
251	252
251	253
251	254
252	254
252	255
252	428
253	254
253	255
254	401
254	410
254	446
255	393
255	448
256	257
256	259
256	261
256	262
256	263
256	264
256	266
256	267
256	268
256	269
256	270
256	271
256	273
256	274
256	275
256	276
256	277
256	278
256	279
256	281
256	282
256	285
256	286
256	287
256	320
256	331
257	258
257	259
257	260
257	261
257	262
257	263
257	266
257	267
257	268
257	269
257	272
257	273
257	276
257	278
257	279
257	280
257	281
257	283
257	284
257	285
257	286
257	287
257	334
257	342
257	511
258	260
258	262
258	263
258	264
258	266
258	267
258	268
258	269
258	271
258	272
258	275
258	277
258	279
258	280
258	281
258	283
258	285
258	286
258	287
258	290
258	316
258	322
259	260
259	261
259	262
259	264
259	265
259	266
259	267
259	269
259	270
259	272
259	273
259	274
259	275
259	276
259	277
259	278
259	279
259	280
259	281
259	282
259	285
259	286
259	299
259	316
259	384
259	394
260	261
260	262
260	263
260	264
260	265
260	266
260	267
260	269
260	271
260	272
260	275
260	276
260	277
260	278
260	279
260	280
260	281
260	282
260	284
260	285
260	286
260	287
260	300
260	308
260	337
260	352
260	446
260	448
261	262
261	263
261	264
261	265
261	267
261	268
261	269
261	270
261	271
261	272
261	273
261	274
261	277
261	278
261	279
261	280
261	281
261	282
261	283
261	284
261	285
261	287
261	290
261	328
261	380
261	401
261	488
262	265
262	266
262	267
262	268
262	269
262	270
262	271
262	272
262	273
262	275
262	276
262	277
262	278
262	279
262	282
262	283
262	284
262	285
262	286
262	287
262	346
262	360
262	362
262	376
263	264
263	266
263	267
263	271
263	272
263	274
263	275
263	276
263	277
263	279
263	282
263	283
263	284
263	286
263	287
263	294
263	300
263	335
263	429
263	468
264	265
264	266
264	267
264	268
264	269
264	270
264	272
264	273
264	275
264	276
264	277
264	278
264	279
264	281
264	282
264	283
264	284
264	285
264	287
264	307
264	333
264	379
264	393
264	408
265	266
265	267
265	268
265	269
265	270
265	271
265	273
265	274
265	275
265	276
265	277
265	278
265	279
265	280
265	281
265	283
265	285
265	287
265	304
265	313
265	319
265	322
265	354
265	376
265	397
265	501
266	267
266	268
266	269
266	270
266	271
266	272
266	273
266	274
266	275
266	277
266	279
266	283
266	285
266	286
266	287
266	317
266	335
266	342
266	480
267	268
267	269
267	270
267	274
267	275
267	276
267	278
267	279
267	280
267	281
267	282
267	284
267	286
267	287
267	355
267	368
267	453
267	472
268	270
268	271
268	272
268	274
268	275
268	276
268	278
268	279
268	280
268	281
268	282
268	283
268	284
268	286
268	287
268	365
268	366
268	429
268	478
269	270
269	272
269	273
269	274
269	275
269	276
269	278
269	279
269	280
269	281
269	282
269	283
269	284
269	285
269	287
269	378
269	461
269	511
270	272
270	273
270	275
270	276
270	278
270	280
270	281
270	283
270	284
270	286
270	499
271	272
271	273
271	274
271	276
271	277
271	278
271	279
271	280
271	281
271	283
271	284
271	287
271	338
272	273
272	274
272	275
272	276
272	278
272	279
272	280
272	281
272	282
272	283
272	284
272	285
272	287
272	351
272	352
272	496
273	274
273	276
273	277
273	278
273	279
273	280
273	281
273	282
273	283
273	284
273	286
273	308
273	352
273	379
274	275
274	277
274	279
274	282
274	283
274	284
274	285
274	286
274	287
274	328
274	350
274	356
274	358
274	443
274	453
274	488
275	276
275	277
275	278
275	279
275	282
275	283
275	284
275	285
275	286
275	316
275	340
275	342
275	360
275	364
275	395
276	277
276	278
276	280
276	281
276	282
276	283
276	284
276	285
276	286
276	287
276	339
276	352
276	372
276	376
276	383
277	278
277	279
277	280
277	281
277	282
277	283
277	285
277	286
277	287
277	303
277	314
277	331
277	352
277	371
277	428
278	279
278	280
278	281
278	282
278	283
278	284
278	285
278	286
278	287
278	288
278	300
278	314
278	329
278	335
278	479
279	280
279	281
279	282
279	284
279	285
279	287
279	337
279	359
280	282
280	283
280	284
280	285
280	286
280	287
280	297
280	312
280	313
281	282
281	283
281	284
281	285
281	286
281	287
281	298
281	352
281	376
282	283
282	284
282	285
282	286
282	287
282	297
282	322
282	374
282	473
283	284
283	285
283	287
283	346
283	463
284	286
284	287
284	341
284	395
284	415
284	419
285	286
285	287
285	290
285	296
285	311
285	363
285	495
286	287
286	350
286	351
286	375
287	291
287	326
287	338
287	349
287	364
287	478
288	289
288	290
288	291
288	294
288	296
288	297
288	298
288	299
288	302
288	303
288	304
288	305
288	306
288	307
288	311
288	312
288	313
288	314
288	315
288	316
288	317
288	318
288	319
288	353
288	492
289	290
289	291
289	293
289	294
289	295
289	296
289	299
289	301
289	302
289	303
289	304
289	305
289	306
289	308
289	309
289	310
289	311
289	312
289	313
289	314
289	315
289	317
289	318
289	319
289	359
289	363
289	422
290	292
290	294
290	295
290	296
290	299
290	300
290	301
290	302
290	303
290	304
290	305
290	306
290	307
290	308
290	309
290	310
290	311
290	312
290	313
290	314
290	315
290	317
290	318
290	319
290	346
290	497
291	294
291	295
291	296
291	298
291	299
291	300
291	302
291	303
291	304
291	305
291	306
291	307
291	308
291	309
291	310
291	311
291	312
291	313
291	314
291	315
291	316
291	318
291	319
291	456
292	293
292	294
292	295
292	296
292	297
292	299
292	300
292	301
292	302
292	304
292	305
292	307
292	308
292	310
292	312
292	313
292	314
292	315
292	317
292	477
293	295
293	296
293	297
293	298
293	299
293	300
293	301
293	302
293	303
293	304
293	305
293	306
293	307
293	308
293	309
293	310
293	312
293	315
293	317
293	318
293	337
293	358
293	486
294	295
294	296
294	297
294	298
294	299
294	300
294	301
294	302
294	303
294	304
294	305
294	306
294	307
294	308
294	309
294	310
294	311
294	312
294	313
294	314
294	315
294	317
294	318
294	349
294	356
294	362
294	375
294	378
294	471
295	297
295	301
295	303
295	305
295	306
295	307
295	308
295	309
295	311
295	313
295	314
295	315
295	316
295	317
295	318
295	319
295	326
295	337
295	369
295	395
296	297
296	298
296	300
296	301
296	303
296	304
296	305
296	306
296	307
296	308
296	309
296	310
296	311
296	312
296	313
296	314
296	315
296	316
296	317
296	318
296	319
296	332
296	357
296	373
296	383
297	298
297	299
297	300
297	301
297	302
297	303
297	305
297	306
297	308
297	309
297	310
297	311
297	313
297	315
297	316
297	317
297	318
297	319
297	331
297	338
297	344
297	352
297	381
297	413
297	509
298	301
298	303
298	304
298	305
298	306
298	307
298	308
298	309
298	310
298	311
298	313
298	314
298	315
298	316
298	317
298	318
298	319
298	348
298	372
298	508
299	300
299	302
299	306
299	308
299	309
299	311
299	312
299	313
299	314
299	315
299	316
299	317
299	318
299	475
300	301
300	302
300	303
300	304
300	305
300	306
300	309
300	313
300	314
300	315
300	316
300	317
300	318
300	319
300	337
300	383
301	302
301	304
301	305
301	306
301	307
301	308
301	309
301	310
301	311
301	312
301	313
301	314
301	315
301	316
301	317
301	318
301	319
301	361
302	303
302	305
302	307
302	309
302	312
302	313
302	314
302	315
302	316
302	317
302	318
302	319
302	321
302	395
303	305
303	306
303	307
303	308
303	310
303	311
303	312
303	313
303	314
303	315
303	316
303	317
303	319
303	329
303	357
304	305
304	306
304	307
304	308
304	310
304	311
304	312
304	313
304	314
304	315
304	316
304	317
304	318
304	319
304	330
304	340
304	377
304	393
304	469
305	307
305	308
305	310
305	311
305	312
305	313
305	314
305	316
305	318
305	319
305	352
306	307
306	308
306	309
306	310
306	312
306	313
306	314
306	315
306	317
306	318
306	319
306	377
306	441
307	308
307	309
307	310
307	311
307	312
307	313
307	314
307	315
307	316
307	317
307	318
307	345
307	359
307	380
307	382
307	476
307	482
308	309
308	310
308	311
308	312
308	313
308	314
308	316
308	317
308	318
308	319
308	347
308	362
308	382
309	313
309	314
309	316
309	318
309	319
309	484
310	311
310	313
310	314
310	315
310	316
310	317
310	318
310	319
310	332
310	355
310	359
310	370
310	448
311	313
311	314
311	316
311	317
311	318
311	319
311	367
311	374
311	381
311	511
312	313
312	314
312	315
312	316
312	317
312	318
312	319
312	372
312	380
313	314
313	315
313	316
313	317
313	318
313	374
313	418
314	317
314	318
314	319
314	339
314	353
314	378
314	412
315	316
315	317
315	318
315	319
315	323
315	324
315	330
315	338
315	354
315	355
316	318
316	319
316	328
316	383
316	453
317	319
317	350
317	374
318	319
318	332
318	341
318	354
320	321
320	322
320	323
320	324
320	325
320	327
320	328
320	329
320	330
320	331
320	332
320	334
320	335
320	336
320	337
320	338
320	339
320	340
320	341
320	343
320	344
320	345
320	349
320	351
320	368
321	322
321	323
321	324
321	326
321	328
321	329
321	330
321	331
321	334
321	335
321	336
321	337
321	338
321	339
321	340
321	341
321	342
321	343
321	344
321	345
321	346
321	348
321	349
321	350
321	351
321	360
322	324
322	325
322	326
322	327
322	328
322	329
322	330
322	331
322	332
322	333
322	334
322	335
322	336
322	338
322	339
322	340
322	341
322	342
322	343
322	344
322	345
322	347
322	348
322	350
322	375
322	451
323	326
323	327
323	328
323	329
323	330
323	331
323	332
323	333
323	335
323	338
323	339
323	340
323	341
323	342
323	344
323	345
323	346
323	347
323	349
323	350
323	351
323	363
323	367
323	407
324	325
324	326
324	327
324	328
324	329
324	330
324	331
324	333
324	334
324	335
324	336
324	337
324	338
324	339
324	340
324	342
324	343
324	344
324	345
324	346
324	347
324	348
324	349
324	351
324	365
324	486
325	326
325	327
325	328
325	329
325	330
325	332
325	333
325	334
325	337
325	338
325	339
325	341
325	342
325	344
325	345
325	348
325	349
325	350
325	351
325	376
325	387
326	327
326	328
326	330
326	331
326	332
326	333
326	334
326	335
326	336
326	337
326	338
326	339
326	341
326	342
326	343
326	346
326	347
326	348
326	349
326	350
326	352
326	368
327	329
327	330
327	331
327	332
327	333
327	335
327	336
327	337
327	339
327	340
327	341
327	342
327	344
327	345
327	347
327	350
327	351
328	330
328	331
328	332
328	333
328	334
328	335
328	336
328	337
328	338
328	339
328	341
328	342
328	343
328	344
328	345
328	346
328	347
328	349
328	350
328	351
328	354
329	330
329	331
329	332
329	333
329	334
329	335
329	336
329	337
329	338
329	339
329	340
329	342
329	343
329	345
329	346
329	347
329	348
329	349
329	350
329	359
329	424
330	331
330	332
330	334
330	335
330	336
330	337
330	338
330	339
330	340
330	341
330	342
330	343
330	344
330	346
330	347
330	348
330	349
330	350
330	351
330	352
330	364
331	333
331	336
331	337
331	338
331	339
331	340
331	341
331	342
331	343
331	344
331	345
331	346
331	347
331	348
331	349
331	350
331	351
331	356
332	336
332	337
332	339
332	342
332	343
332	344
332	345
332	346
332	348
332	349
332	351
332	355
332	365
332	368
332	441
332	454
333	334
333	336
333	337
333	339
333	340
333	342
333	344
333	345
333	346
333	347
333	348
333	349
333	350
333	351
333	381
333	409
333	479
334	335
334	336
334	337
334	341
334	342
334	343
334	344
334	346
334	347
334	348
334	349
334	350
334	351
334	354
334	357
334	377
334	381
334	500
335	338
335	339
335	340
335	343
335	344
335	345
335	346
335	347
335	348
335	349
335	350
335	351
336	337
336	338
336	339
336	341
336	342
336	343
336	344
336	348
336	350
336	351
336	356
336	360
336	364
337	338
337	339
337	340
337	341
337	342
337	343
337	345
337	346
337	347
337	348
337	350
337	351
337	358
337	379
338	340
338	341
338	342
338	343
338	344
338	345
338	347
338	348
338	349
338	350
338	374
339	341
339	342
339	343
339	344
339	345
339	347
339	349
339	350
339	351
339	361
339	364
339	366
339	373
339	393
339	479
340	341
340	342
340	343
340	344
340	345
340	346
340	348
340	349
340	350
340	351
340	372
340	378
340	400
340	436
341	342
341	343
341	345
341	346
341	347
341	348
341	349
341	350
341	351
341	378
341	439
342	343
342	344
342	345
342	346
342	347
342	348
342	349
342	350
342	351
343	344
343	345
343	346
343	347
343	348
343	349
343	350
343	351
343	453
343	490
344	347
344	348
344	349
344	350
344	351
344	395
345	346
345	347
345	348
345	349
345	351
345	360
345	370
345	373
346	347
346	348
346	350
346	351
347	348
347	349
347	351
348	351
348	369
348	503
349	350
349	351
349	361
349	365
349	511
350	351
351	375
351	415
352	353
352	354
352	355
352	356
352	357
352	359
352	360
352	361
352	363
352	364
352	366
352	367
352	369
352	370
352	371
352	372
352	373
352	374
352	375
352	378
352	379
352	381
352	382
352	383
353	354
353	357
353	359
353	360
353	362
353	364
353	365
353	367
353	368
353	370
353	371
353	372
353	373
353	374
353	376
353	377
353	378
353	380
353	381
353	382
353	383
354	355
354	356
354	358
354	359
354	360
354	361
354	362
354	363
354	365
354	366
354	367
354	368
354	370
354	371
354	372
354	374
354	375
354	376
354	377
354	378
354	379
354	380
354	381
354	382
354	383
354	496
355	356
355	358
355	361
355	362
355	363
355	365
355	367
355	369
355	370
355	371
355	372
355	374
355	375
355	376
355	377
355	378
355	379
355	380
355	381
355	382
355	383
356	357
356	358
356	360
356	362
356	363
356	364
356	365
356	366
356	367
356	368
356	369
356	370
356	371
356	373
356	376
356	377
356	378
356	380
356	381
356	382
357	358
357	359
357	360
357	361
357	362
357	363
357	364
357	365
357	366
357	367
357	368
357	369
357	373
357	374
357	375
357	376
357	377
357	378
357	379
357	380
357	381
357	382
358	359
358	360
358	361
358	362
358	363
358	365
358	366
358	368
358	369
358	372
358	373
358	374
358	376
358	377
358	378
358	379
358	383
359	360
359	361
359	362
359	363
359	364
359	365
359	366
359	367
359	368
359	370
359	371
359	372
359	373
359	374
359	375
359	376
359	377
359	378
359	379
359	380
359	381
359	383
359	450
360	361
360	362
360	363
360	364
360	365
360	366
360	367
360	368
360	369
360	370
360	371
360	372
360	373
360	374
360	375
360	376
360	378
360	379
360	380
360	381
360	382
360	383
361	362
361	364
361	365
361	366
361	367
361	368
361	369
361	371
361	372
361	373
361	374
361	375
361	376
361	378
361	380
361	381
361	382
361	383
361	428
361	434
362	365
362	366
362	367
362	368
362	370
362	371
362	373
362	374
362	375
362	376
362	377
362	379
362	380
362	381
362	382
362	383
362	386
363	364
363	365
363	366
363	367
363	368
363	369
363	370
363	371
363	372
363	375
363	376
363	377
363	378
363	379
363	381
363	382
364	365
364	366
364	367
364	370
364	371
364	372
364	373
364	374
364	375
364	377
364	378
364	380
364	381
364	382
364	383
365	366
365	369
365	370
365	371
365	372
365	373
365	374
365	375
365	376
365	377
365	378
365	380
365	381
365	382
365	383
366	367
366	370
366	371
366	372
366	374
366	375
366	376
366	377
366	378
366	381
366	382
366	383
367	369
367	370
367	371
367	372
367	373
367	374
367	378
367	379
367	381
367	382
367	383
367	451
367	492
368	369
368	371
368	372
368	373
368	374
368	375
368	376
368	377
368	379
368	380
368	381
368	382
368	383
368	469
369	370
369	371
369	372
369	373
369	374
369	375
369	376
369	377
369	380
369	381
369	382
369	383
369	458
370	371
370	372
370	373
370	374
370	375
370	377
370	378
370	380
370	381
370	382
370	383
371	372
371	373
371	374
371	375
371	376
371	377
371	378
371	380
371	381
371	382
371	383
371	386
372	373
372	374
372	376
372	378
372	379
372	380
372	381
372	382
372	383
373	374
373	375
373	376
373	377
373	378
373	379
373	380
373	381
373	382
373	383
373	424
373	483
374	376
374	377
374	379
374	380
374	381
374	382
374	383
375	376
375	377
375	378
375	379
375	380
375	381
375	382
375	383
375	410
375	446
375	496
376	377
376	378
376	381
376	383
376	387
376	424
377	378
377	379
377	380
377	381
377	382
377	383
378	379
378	380
378	381
378	382
378	383
378	435
379	380
379	382
379	451
380	382
381	382
381	383
381	389
381	390
382	383
383	408
384	386
384	390
384	391
384	392
384	393
384	394
384	395
384	396
384	397
384	398
384	399
384	400
384	401
384	402
384	403
384	405
384	406
384	407
384	408
384	409
384	410
384	411
384	412
384	414
384	415
384	480
384	485
384	505
384	509
385	386
385	387
385	388
385	389
385	390
385	392
385	393
385	394
385	395
385	396
385	397
385	398
385	400
385	401
385	403
385	405
385	406
385	407
385	408
385	409
385	410
385	413
385	415
385	421
385	477
386	387
386	388
386	390
386	391
386	393
386	394
386	395
386	396
386	397
386	399
386	402
386	403
386	404
386	405
386	407
386	408
386	409
386	410
386	411
386	412
386	413
386	414
386	415
386	462
386	467
386	476
386	507
387	388
387	389
387	390
387	392
387	393
387	394
387	395
387	396
387	397
387	398
387	400
387	401
387	402
387	403
387	405
387	407
387	408
387	409
387	410
387	411
387	412
387	413
387	414
387	415
387	452
387	472
387	476
387	502
388	389
388	390
388	393
388	395
388	396
388	397
388	398
388	399
388	402
388	403
388	404
388	405
388	406
388	407
388	408
388	409
388	411
388	412
388	413
388	414
388	415
388	458
389	390
389	391
389	392
389	393
389	394
389	395
389	396
389	398
389	399
389	400
389	401
389	403
389	404
389	405
389	406
389	408
389	410
389	411
389	412
389	415
389	424
389	454
389	501
390	394
390	395
390	396
390	397
390	398
390	399
390	400
390	401
390	402
390	404
390	407
390	408
390	409
390	412
390	413
390	428
390	446
390	462
390	505
391	392
391	393
391	394
391	395
391	397
391	398
391	399
391	401
391	402
391	403
391	404
391	405
391	406
391	407
391	409
391	410
391	411
391	413
391	414
391	415
391	429
391	441
391	494
392	393
392	394
392	397
392	398
392	400
392	401
392	402
392	403
392	404
392	405
392	406
392	408
392	409
392	410
392	411
392	412
392	413
392	415
392	440
392	455
392	459
392	507
393	395
393	396
393	397
393	398
393	399
393	400
393	401
393	402
393	404
393	405
393	406
393	407
393	408
393	409
393	410
393	411
393	412
393	413
393	414
393	415
393	507
394	396
394	397
394	400
394	401
394	402
394	403
394	404
394	405
394	406
394	407
394	409
394	410
394	411
394	413
394	414
394	415
394	423
394	434
394	444
395	396
395	397
395	398
395	399
395	400
395	401
395	402
395	403
395	404
395	405
395	406
395	407
395	408
395	409
395	411
395	412
395	413
395	414
395	415
395	417
395	418
395	425
395	436
395	484
396	397
396	398
396	399
396	400
396	401
396	403
396	404
396	405
396	406
396	407
396	408
396	410
396	411
396	412
396	413
396	414
396	415
396	490
397	398
397	399
397	400
397	401
397	402
397	403
397	404
397	406
397	407
397	408
397	409
397	410
397	411
397	412
397	415
397	425
397	455
397	481
397	496
397	498
397	500
397	507
397	508
398	399
398	400
398	401
398	402
398	403
398	406
398	407
398	410
398	411
398	412
398	414
398	415
398	431
398	447
398	452
398	461
398	487
398	493
399	400
399	403
399	406
399	407
399	408
399	410
399	411
399	412
399	413
399	415
399	434
399	454
399	502
400	401
400	402
400	403
400	404
400	405
400	407
400	408
400	409
400	410
400	411
400	412
400	413
400	414
400	415
400	438
400	477
400	487
401	403
401	404
401	405
401	406
401	410
401	411
401	412
401	413
401	415
401	421
401	424
401	460
401	465
401	472
401	473
402	403
402	407
402	408
402	409
402	410
402	411
402	412
402	413
402	414
402	461
402	475
402	499
402	509
403	404
403	405
403	409
403	410
403	413
403	448
403	449
403	459
403	487
403	507
403	511
404	406
404	407
404	408
404	409
404	410
404	411
404	413
404	414
404	427
404	450
404	494
405	406
405	407
405	408
405	409
405	410
405	411
405	412
405	413
405	414
405	415
405	449
405	486
405	500
406	408
406	409
406	411
406	412
406	413
406	414
407	408
407	409
407	410
407	411
407	412
407	413
407	414
407	415
407	419
407	435
407	437
407	499
408	409
408	411
408	412
408	413
408	414
408	415
408	419
408	425
408	441
408	474
409	410
409	411
409	412
409	413
409	415
409	432
409	439
409	449
409	496
409	509
410	411
410	412
410	414
410	415
410	418
410	439
410	444
410	492
411	413
411	414
411	415
411	442
411	449
411	488
412	413
412	414
412	415
412	420
412	460
413	414
413	415
413	424
413	436
413	466
414	421
414	453
414	460
415	480
415	481
415	508
416	417
416	418
416	420
416	421
416	422
416	424
416	425
416	426
416	427
416	428
416	429
416	430
416	431
416	432
416	433
416	434
416	435
416	436
416	437
416	438
416	440
416	441
416	442
416	444
416	446
417	418
417	419
417	420
417	424
417	426
417	427
417	428
417	429
417	430
417	431
417	432
417	433
417	434
417	437
417	438
417	439
417	441
417	442
417	443
417	444
417	445
417	446
418	419
418	420
418	421
418	422
418	423
418	424
418	425
418	426
418	429
418	430
418	431
418	433
418	434
418	435
418	436
418	437
418	438
418	439
418	440
418	442
418	444
418	445
418	447
418	468
418	484
419	421
419	423
419	424
419	425
419	426
419	427
419	429
419	430
419	431
419	432
419	433
419	434
419	435
419	437
419	438
419	440
419	441
419	442
419	443
419	444
419	445
419	446
419	467
420	421
420	422
420	423
420	424
420	425
420	426
420	429
420	430
420	431
420	432
420	433
420	434
420	435
420	436
420	437
420	438
420	439
420	440
420	441
420	442
420	444
420	447
420	462
420	465
420	477
421	422
421	424
421	425
421	426
421	427
421	428
421	429
421	430
421	431
421	433
421	434
421	436
421	437
421	438
421	440
421	441
421	442
421	443
421	444
421	446
421	447
421	495
422	423
422	424
422	425
422	426
422	428
422	429
422	430
422	431
422	432
422	433
422	434
422	435
422	437
422	438
422	439
422	440
422	441
422	442
422	443
422	444
422	446
422	451
422	463
422	471
422	473
422	474
422	493
422	498
423	424
423	425
423	426
423	427
423	428
423	429
423	430
423	433
423	434
423	437
423	438
423	441
423	442
423	445
423	446
423	454
423	467
423	468
424	426
424	427
424	428
424	429
424	430
424	431
424	432
424	433
424	434
424	435
424	436
424	437
424	438
424	439
424	440
424	441
424	442
424	443
424	444
424	445
424	446
424	466
424	469
425	426
425	427
425	428
425	429
425	430
425	431
425	432
425	433
425	434
425	435
425	436
425	438
425	439
425	440
425	441
425	443
425	444
425	445
425	446
425	447
425	453
425	496
426	428
426	429
426	430
426	432
426	433
426	434
426	436
426	437
426	438
426	440
426	441
426	442
426	443
426	444
426	445
426	446
426	447
426	475
426	504
427	428
427	429
427	431
427	433
427	434
427	435
427	436
427	437
427	438
427	439
427	441
427	442
427	443
427	445
427	446
427	447
428	429
428	431
428	432
428	433
428	434
428	435
428	436
428	437
428	438
428	440
428	441
428	442
428	443
428	444
428	445
428	446
428	447
428	452
428	471
428	492
429	430
429	431
429	433
429	434
429	435
429	436
429	437
429	438
429	439
429	440
429	441
429	443
429	444
429	445
429	446
429	447
429	461
429	480
429	489
430	431
430	432
430	433
430	434
430	436
430	437
430	438
430	439
430	440
430	441
430	442
430	443
430	444
430	445
430	446
430	498
431	432
431	433
431	436
431	438
431	439
431	440
431	442
431	443
431	444
431	445
431	446
431	447
431	509
432	433
432	434
432	435
432	436
432	437
432	438
432	439
432	440
432	441
432	443
432	444
432	445
432	446
432	447
432	491
433	434
433	435
433	437
433	438
433	439
433	440
433	441
433	442
433	444
433	446
433	447
434	436
434	437
434	438
434	439
434	440
434	441
434	442
434	443
434	444
434	447
434	460
434	505
435	437
435	438
435	440
435	441
435	442
435	444
435	445
435	510
436	437
436	438
436	439
436	440
436	441
436	442
436	443
436	444
436	449
436	465
437	438
437	439
437	440
437	441
437	443
437	444
437	446
437	507
438	439
438	440
438	441
438	443
438	446
438	447
438	468
438	507
439	440
439	442
439	443
439	444
439	445
439	446
439	462
439	481
439	487
439	496
439	508
440	443
440	445
440	446
440	447
440	491
440	499
441	442
441	443
441	444
441	445
441	446
441	447
441	452
441	470
442	445
442	446
442	448
442	450
442	453
442	461
442	476
442	496
442	500
443	444
443	446
443	447
443	461
443	486
443	490
443	498
443	508
444	445
444	446
444	497
445	446
445	447
445	454
446	447
446	483
446	487
446	505
448	449
448	450
448	451
448	452
448	453
448	454
448	456
448	457
448	458
448	459
448	460
448	461
448	462
448	463
448	464
448	466
448	467
448	468
448	469
448	470
448	471
448	472
448	473
448	474
448	476
448	477
448	478
448	479
449	450
449	451
449	452
449	453
449	454
449	455
449	456
449	457
449	458
449	459
449	461
449	462
449	464
449	465
449	466
449	467
449	468
449	470
449	471
449	473
449	474
449	475
449	476
449	477
449	478
449	479
449	485
449	492
449	511
450	452
450	453
450	454
450	456
450	458
450	459
450	460
450	462
450	464
450	466
450	467
450	469
450	471
450	472
450	473
450	475
450	476
450	477
450	478
450	479
450	483
450	491
451	452
451	453
451	454
451	455
451	456
451	457
451	459
451	461
451	462
451	463
451	465
451	466
451	467
451	468
451	470
451	471
451	472
451	474
451	475
451	476
451	478
451	479
451	505
452	453
452	455
452	457
452	458
452	460
452	461
452	462
452	463
452	465
452	466
452	467
452	468
452	470
452	471
452	472
452	475
452	476
452	478
452	479
453	454
453	456
453	457
453	458
453	459
453	460
453	461
453	462
453	464
453	465
453	466
453	467
453	468
453	469
453	470
453	471
453	472
453	474
453	475
453	477
453	478
453	479
453	485
454	455
454	457
454	460
454	461
454	462
454	463
454	464
454	466
454	467
454	468
454	469
454	470
454	472
454	473
454	474
454	475
454	476
454	477
454	478
454	479
455	456
455	457
455	458
455	459
455	460
455	461
455	462
455	463
455	465
455	466
455	468
455	470
455	471
455	472
455	473
455	474
455	475
455	476
455	477
455	478
455	479
455	504
456	457
456	459
456	460
456	461
456	462
456	463
456	464
456	465
456	466
456	467
456	468
456	469
456	470
456	471
456	473
456	474
456	475
456	477
456	478
456	479
456	504
457	458
457	459
457	460
457	461
457	462
457	463
457	464
457	465
457	466
457	467
457	469
457	470
457	471
457	472
457	473
457	474
457	475
457	476
457	477
457	478
457	479
457	498
457	499
458	459
458	462
458	463
458	464
458	465
458	468
458	469
458	471
458	472
458	473
458	476
458	477
458	479
458	497
459	460
459	461
459	463
459	464
459	465
459	466
459	467
459	468
459	469
459	470
459	471
459	472
459	473
459	474
459	475
459	476
459	477
459	478
459	491
460	461
460	463
460	464
460	465
460	466
460	467
460	469
460	470
460	471
460	472
460	473
460	474
460	475
460	476
460	477
460	478
460	479
461	463
461	464
461	465
461	466
461	467
461	468
461	469
461	470
461	471
461	472
461	475
461	476
461	477
461	478
461	497
462	464
462	465
462	466
462	467
462	468
462	469
462	470
462	471
462	472
462	473
462	474
462	475
462	476
462	477
462	478
462	479
462	485
463	464
463	465
463	466
463	467
463	468
463	470
463	471
463	473
463	474
463	475
463	476
463	477
463	478
463	479
463	506
464	466
464	467
464	468
464	472
464	473
464	474
464	475
464	476
464	477
464	479
465	466
465	467
465	468
465	469
465	470
465	471
465	473
465	475
465	476
465	477
465	479
465	488
465	490
465	496
465	497
466	467
466	469
466	470
466	471
466	472
466	475
466	476
466	477
466	478
466	479
466	507
467	469
467	470
467	471
467	473
467	474
467	475
467	476
467	477
467	479
467	499
468	469
468	470
468	471
468	472
468	473
468	474
468	475
468	476
468	477
468	478
468	479
468	480
468	485
469	470
469	471
469	472
469	474
469	476
469	477
469	478
469	479
469	504
470	471
470	473
470	475
470	476
470	477
470	479
471	472
471	474
471	475
471	476
471	478
471	479
471	498
471	510
472	473
472	474
472	475
472	476
472	477
472	485
472	487
472	488
473	474
473	475
473	476
473	477
473	478
473	479
473	505
474	476
474	477
474	478
474	479
474	482
475	476
475	478
475	479
476	477
476	478
476	479
476	480
476	490
477	478
480	481
480	482
480	483
480	484
480	487
480	488
480	489
480	490
480	493
480	494
480	495
480	496
480	497
480	498
480	499
480	500
480	502
480	504
480	505
480	506
480	507
480	508
480	509
480	510
480	511
481	482
481	483
481	484
481	485
481	486
481	488
481	489
481	492
481	494
481	495
481	496
481	498
481	499
481	500
481	501
481	502
481	503
481	506
481	508
481	509
481	510
482	484
482	485
482	486
482	487
482	488
482	491
482	493
482	494
482	495
482	496
482	497
482	499
482	500
482	501
482	503
482	504
482	505
482	506
482	507
482	508
482	509
482	510
483	485
483	486
483	487
483	489
483	490
483	492
483	493
483	494
483	495
483	497
483	498
483	499
483	500
483	501
483	502
483	503
483	505
483	506
483	507
483	508
483	509
483	510
483	511
484	485
484	486
484	488
484	489
484	490
484	491
484	492
484	493
484	494
484	495
484	497
484	498
484	499
484	501
484	502
484	503
484	505
484	506
484	507
484	508
484	509
484	510
484	511
485	486
485	487
485	488
485	491
485	492
485	493
485	495
485	496
485	499
485	500
485	501
485	502
485	503
485	504
485	508
485	509
485	510
485	511
486	487
486	488
486	489
486	491
486	492
486	493
486	494
486	495
486	496
486	497
486	498
486	499
486	500
486	501
486	502
486	503
486	504
486	505
486	506
486	507
486	508
486	509
486	510
486	511
487	488
487	490
487	491
487	493
487	494
487	495
487	496
487	498
487	499
487	500
487	501
487	502
487	504
487	506
487	507
487	509
487	510
488	489
488	490
488	492
488	493
488	494
488	495
488	497
488	498
488	499
488	500
488	501
488	504
488	505
488	506
488	507
488	508
488	509
488	510
488	511
489	490
489	491
489	493
489	494
489	495
489	496
489	498
489	499
489	500
489	502
489	503
489	504
489	506
489	508
489	509
489	510
489	511
490	491
490	492
490	493
490	494
490	495
490	496
490	498
490	500
490	501
490	502
490	503
490	505
490	506
490	507
490	509
490	510
491	492
491	493
491	494
491	495
491	496
491	498
491	499
491	501
491	503
491	504
491	506
491	507
491	508
491	509
491	510
491	511
492	493
492	494
492	496
492	497
492	498
492	499
492	503
492	504
492	505
492	507
492	508
492	511
493	494
493	495
493	496
493	497
493	498
493	499
493	500
493	501
493	502
493	504
493	505
493	506
493	508
493	509
493	511
494	496
494	497
494	499
494	500
494	502
494	503
494	505
494	506
494	508
494	509
494	510
494	511
495	496
495	497
495	499
495	501
495	502
495	503
495	504
495	505
495	506
495	507
495	508
495	509
495	510
495	511
496	497
496	498
496	499
496	500
496	501
496	502
496	505
496	506
496	508
496	509
497	498
497	499
497	500
497	501
497	502
497	503
497	504
497	505
497	506
497	508
497	510
497	511
498	499
498	501
498	502
498	503
498	504
498	505
498	506
498	508
498	509
498	510
498	511
499	500
499	501
499	503
499	504
499	506
499	507
499	508
499	509
499	510
499	511
500	501
500	502
500	503
500	505
500	506
500	509
500	510
500	511
501	502
501	503
501	504
501	505
501	506
501	507
501	508
501	509
501	510
502	504
502	505
502	506
502	507
502	508
502	509
502	510
502	511
503	504
503	505
503	507
503	508
503	509
503	510
503	511
504	505
504	506
504	509
504	511
505	507
505	508
505	509
506	507
506	508
506	509
506	510
506	511
507	508
507	509
507	510
507	511
508	510
508	511
509	510
510	511